73
32
97
109
258
32
80
114
111
103
114
259
109
101
114
46
10
257
76
111
118
101
32
116
111
32
112
108
97
121
32
103
259
101
115
272
87
104
97
116
258
98
111
117
296
121
299
63
10
293
295
297
299
301
303
305
294
296
97
298
300
32
302
117
304
306
314
316
310
320
312
307
315
309
318
311
322
308
317
319
321
313
334
325
337
328
324
331
326
333
329
335
332
338
347
340
327
323
330
336
353
339
344
341
354
348
345
350
343
356
346
365
349
342
355
369
361
352
367
371
363
370
362
360
358
366
364
376
380
351
359
357
386
382
378
374
383
379
388
368
377
373
387
375
394
400
392
391
399
393
403
398
390
408
372
381
411
389
413
396
385
416
395
384
419
401
406
405
404
409
412
397
427
417
420
402
424
410
428
414
435
418
432
426
436
430
422
425
415
431
423
440
438
447
445
443
434
442
407
429
421
455
441
457
433
456
439
451
458
449
444
437
446
467
454
461
459
463
468
452
462
450
475
465
469
453
460
448
481
477
470
483
464
472
466
482
474
471
484
476
473
478
494
489
495
480
496
491
486
492
498
488
479
490
485
497
487
493
508
499
509
501
510
503
511
504
512
506
513
507
514
527
526
529
525
531
524
533
505
535
523
536
522
539
521
541
520
543
502
545
519
546
518
549
500
551
517
552
516
555
515
557
528
532
538
542
548
554
558
530
534
537
568
540
544
547
572
550
553
575
556
559
567
570
563
576
565
560
569
562
573
564
578
561
571
574
577
566
590
581
593
584
580
587
582
589
585
591
588
594
603
596
583
579
586
592
609
595
600
597
610
604
601
606
599
612
602
621
605
598
611
625
617
608
623
627
619
626
618
616
614
622
620
632
636
607
615
613
642
638
634
630
639
635
644
624
633
629
643
631
650
656
648
647
655
649
659
654
646
664
628
637
667
645
669
652
641
672
651
640
675
657
662
661
660
665
668
653
683
673
676
658
680
666
684
670
691
674
688
682
692
686
678
681
671
687
679
696
694
703
701
699
690
698
663
685
677
711
697
713
689
712
695
707
714
705
700
693
702
723
710
717
715
719
724
708
718
706
731
721
725
709
716
704
737
733
726
739
720
728
722
738
730
727
740
732
729
734
750
745
751
736
752
747
742
748
754
744
735
746
741
753
743
749
764
755
765
757
766
759
767
760
768
762
769
763
770
783
782
785
781
787
780
789
761
791
779
792
778
795
777
797
776
799
758
801
775
340
73
32
97
109
258
32
80
114
111
103
114
259
109
101
114
46
10
257
76
111
118
101
32
116
111
32
112
108
97
121
32
103
259
101
115
272
87
104
97
116
258
98
111
117
296
121
299
63
10
293
295
297
299
301
303
305
294
296
97
298
300
32
302
117
304
306
314
316
310
320
312
307
315
309
318
311
322
308
317
319
321
313
334
325
337
328
324
331
326
333
329
335
332
338
347
340
327
323
330
336
353
339
344
341
354
348
345
350
343
356
346
365
349
342
355
369
361
352
367
371
363
370
362
360
358
366
364
376
380
351
359
357
386
382
378
374
383
379
388
368
377
373
387
375
394
400
392
391
399
393
403
398
390
408
372
381
411
389
413
396
385
416
395
384
419
401
406
405
404
409
412
397
427
417
420
402
424
410
428
414
435
418
432
426
436
430
422
425
415
431
423
440
438
447
445
443
434
442
407
429
421
455
441
457
433
456
439
451
458
449
444
437
446
467
454
461
459
463
468
452
462
450
475
465
469
453
460
448
481
477
470
483
464
472
466
482
474
471
484
476
473
478
494
489
495
480
496
491
486
492
498
488
479
490
485
497
487
493
508
499
509
501
510
503
511
504
512
506
513
507
514
527
526
529
525
531
524
533
505
535
523
536
522
539
521
541
520
543
502
545
519
546
518
549
500
551
517
552
516
555
515
557
528
532
538
542
548
554
558
530
534
537
568
540
544
547
572
550
553
575
556
559
567
570
563
576
565
560
569
562
573
564
578
561
571
574
577
566
590
581
593
584
580
587
582
589
585
591
588
594
603
596
583
579
586
592
609
595
600
597
610
604
601
606
599
612
602
621
605
598
611
625
617
608
623
627
619
626
618
616
614
622
620
632
636
607
615
613
642
638
634
630
639
635
644
624
633
629
643
631
650
656
648
647
655
649
659
654
646
664
628
637
667
645
669
652
641
672
651
640
675
657
662
661
660
665
668
653
683
673
676
658
680
666
684
670
691
674
688
682
692
686
678
681
671
687
679
696
694
703
701
699
690
698
663
685
677
711
697
713
689
712
695
707
714
705
700
693
702
723
710
717
715
719
724
708
718
706
731
721
725
709
716
704
737
733
726
739
720
728
722
738
730
727
740
732
729
734
750
745
751
736
752
747
742
748
754
744
735
746
741
753
743
749
764
755
765
757
766
759
767
760
768
762
769
763
770
783
782
785
781
787
780
789
761
791
779
792
778
795
777
797
776
799
758
801
775
340
